--- Weights: Layer 0 to Layer 1 ---
-0.45668597 -1.73725592 0.08562062 0.33941407 0.50068070 0.50798158 -0.13170903 -1.24557480 0.14173891 -0.39458697
1.29566843 0.00394155 -0.19271159 -0.34844061 0.05388322 -0.12507457 0.83379311 0.08925417 -0.34118312 0.89706681
0.04982232 0.15464223 -0.33825691 0.15116348 -0.08786833 -1.13622160 1.25684959 0.57752515 -0.51658486 -0.69894483
0.48050926 0.58277244 0.18279869 0.22484465 -0.24773832 0.79309715 0.19676623 -0.39560871 1.02994976 0.82101531
1.94006913 -0.06805388 0.05196869 -1.37963389 0.10706814 -0.32615335 1.18979354 -0.31417338 -0.80907124 -0.06012389

--- Weights: Layer 1 to Layer 2 ---
-0.88258249 0.09066720 -0.88428023 0.14903760 -0.93636317 -0.07852237 0.73107348 -0.03915645 -0.33563994 -0.18672622
0.01125826 0.83070826 -0.61464173 0.15749489 -1.22444800 -0.31549023 -0.18956946 1.11655831 -0.41601259 -0.70833178
-0.44051118 0.02913373 -0.02909211 -0.24637937 -0.21756791 0.24590507 -0.23587127 -0.20085730 0.83138995 -0.65799835
-0.83168234 0.30215961 -0.44377770 -0.18374965 -0.31418494 0.19745539 0.72780959 0.12221312 0.40964106 -0.55856871
-0.51355201 -1.34245748 -0.38464346 0.40147331 0.14446970 -0.09312034 -0.03179234 -0.26755948 0.09354391 0.35864859
-0.71640522 -0.04776171 0.16723948 -0.17470325 0.13490338 1.31859750 -0.05585320 0.04771096 -0.25308405 0.06782723
0.20717607 0.07241223 -0.45620528 -0.04999629 0.68446204 0.13590604 0.46568648 -0.11628971 0.25998342 -0.01171522
-0.43079090 0.57098676 -0.44080449 -0.29734589 0.24065930 0.25471364 -0.42232939 0.44862616 0.29566581 -0.34176851
-0.68874786 0.00308307 -0.37051010 0.13762574 -0.26086302 -0.74019252 -0.18515802 -0.33059484 -0.01328850 -0.25496305
0.75428960 -0.33944015 0.33596636 -0.14981648 0.21335806 -0.10258509 0.56349870 -0.02038441 -0.32989048 0.51584631

--- Weights: Layer 2 to Layer 3 ---
-0.09398387
0.61351912
0.30475527
-0.50781172
0.13022315
-0.18315681
0.03384939
1.55014407
-0.26325219
-0.21980336

